G=6.67384x10^-11
mT=5.97x10^24
RT=6370x10^3
UA=150000000
h=6.62606957x10^-34 
impMag=12.56370614359x10-7 
g0=9.81
c=3x10^8
e=1.602176565x10^-19
me=9.10938216x10^-31
mp=1.672621637x10^-27
mn=1.674927211x10^-27




Character.toString ((char) codigo)
private String ascii(codigo){
	return Character.toString ((char) codigo);
}
